4294967279,336
4294967278,309
4294967279,542
596,5
596,4
596,3
596,2
596,1
4294967278,349
4294967278,307
4294967279,230
594,5
594,4
594,3
594,2
594,1
4294967278,211
592,6
4294967278,207
592,5
4294967278,206
592,4
592,3
592,2
592,1
591,5
591,4
591,3
591,2
591,1
590,5
590,4
590,3
590,2
590,1
4294967278,306
4294967294,1044
4294967294,1040
4294967294,455
589,5
589,4
589,3
589,2
589,1
4294967279,354
4294967278,370
4294967279,175
587,4
587,3
587,2
587,1
4294967278,304
4294967279,174
4294967278,301
4294967279,274
4294967279,529
4294967278,151
586,5
586,4
586,3
586,2
586,1
4294967279,332
4294967278,299
584,5
584,4
584,3
584,2
584,1
4294967279,265
4294967278,267
582,6
582,5
582,4
582,3
582,2
582,1
4294967278,423
4294967279,255
4294967278,368
581,5
4294967294,1413
581,4
581,3
581,2
581,1
4294967278,422
4294967279,528
4294967278,253
4294967279,247
580,5
4294967278,250
580,4
580,3
580,2
580,1
579,5
579,4
4294967278,236
579,3
579,2
579,1
4294967278,416
577,4
577,3
577,2
577,1
4294967294,392
4294967278,295
4294967278,343
4294967278,387
4294967278,365
4294967279,313
4294967279,525
4294967279,320
4294967278,340
576,5
576,4
576,3
576,2
576,1
4294967278,377
4294967279,312
4294967294,454
4294967294,111
4294967279,334
4294967278,178
574,5
574,4
574,3
574,2
574,1
4294967279,176
572,6
572,5
572,4
572,3
572,2
572,1
4294967278,160
571,5
571,4
571,3
571,2
571,1
4294967279,154
4294967279,333
570,5
570,4
4294967278,147
570,3
570,2
570,1
4294967279,321
569,5
569,4
569,3
569,2
569,1
4294967278,277
4294967279,285
4294967278,133
4294967278,274
567,4
567,3
567,2
567,1
4294967294,417
4294967279,519
4294967294,10
4294967278,409
4294967279,328
566,5
566,4
566,3
566,2
566,1
4294967278,244
4294967278,293
564,5
564,4
564,3
564,2
564,1
4294967278,292
562,6
562,5
562,4
562,3
562,2
562,1
4294967278,203
561,5
4294967278,202
561,4
561,3
561,2
561,1
4294967278,410
560,5
560,4
560,3
560,2
560,1
4294967279,266
559,5
559,4
559,3
559,2
559,1
4294967294,464
4294967294,113
4294967294,460
4294967279,269
4294967278,286
557,4
557,3
557,2
557,1
4294967278,284
4294967279,305
4294967278,331
4294967278,337
4294967279,128
4294967279,127
4294967278,283
4294967278,282
4294967279,524
4294967279,153
4294967278,153
4294967278,408
4294967278,152
4294967279,150
4294967279,149
556,5
4294967278,149
556,4
556,3
556,2
556,1
4294967279,289
4294967278,146
4294967278,145
4294967279,337
4294967279,298
4294967279,520
554,5
554,4
554,3
554,2
554,1
4294967278,134
4294967278,276
4294967278,287
552,6
4294967278,268
552,5
4294967278,281
552,4
4294967278,265
552,3
552,2
552,1
4294967278,280
4294967278,260
551,5
551,4
551,3
551,2
551,1
4294967279,359
4294967279,252
550,5
550,4
550,3
550,2
550,1
4294967279,518
549,5
549,4
549,3
549,2
549,1
4294967294,188
4294967294,1028
4294967279,299
4294967278,235
548,4
548,3
548,2
548,1
547,4
547,3
547,2
547,1
4294967278,279
4294967278,275
4294967278,272
4294967278,201
4294967279,517
546,5
546,4
546,3
546,2
546,1
4294967279,555
544,5
544,4
544,3
544,2
544,1
4294967279,515
542,6
542,5
542,4
542,3
542,2
542,1
4294967279,512
541,5
4294967278,163
541,4
541,3
541,2
541,1
4294967294,405
4294967294,189
4294967294,109
4294967294,451
540,5
540,4
540,3
540,2
540,1
539,5
539,4
539,3
539,2
539,1
537,4
537,3
537,2
537,1
4294967279,284
4294967278,271
4294967279,319
4294967279,129
4294967279,318
4294967278,259
4294967279,292
4294967278,351
536,5
536,4
4294967278,353
536,3
536,2
536,1
4294967278,254
4294967278,239
4294967278,242
4294967278,238
4294967278,237
534,5
534,4
4294967278,234
534,3
534,2
534,1
4294967278,230
4294967278,228
4294967278,226
4294967294,192
4294967294,1036
4294967294,419
532,6
532,5
532,4
532,3
532,2
532,1
4294967279,208
531,5
4294967279,207
531,4
531,3
531,2
531,1
4294967279,198
530,5
530,4
530,3
530,2
530,1
4294967278,256
4294967278,378
529,5
529,4
529,3
529,2
529,1
4294967294,183
4294967294,169
527,4
527,3
527,2
527,1
4294967278,383
4294967279,317
4294967278,330
526,5
526,4
526,3
526,2
526,1
4294967278,329
4294967278,291
524,5
524,4
524,3
524,2
524,1
522,6
4294967278,270
522,5
522,4
522,3
522,2
522,1
521,5
521,4
521,3
521,2
521,1
520,5
520,4
520,3
520,2
520,1
4294967279,251
4294967278,382
4294967294,110
4294967279,540
519,5
519,4
519,3
519,2
519,1
517,4
517,3
517,2
517,1
4294967279,311
4294967278,376
4294967279,310
4294967279,570
4294967278,334
4294967279,201
4294967279,200
4294967278,199
4294967279,199
4294967278,198
4294967278,197
516,5
516,4
516,3
516,2
516,1
4294967279,195
4294967278,193
4294967279,193
4294967279,568
4294967294,179
4294967294,1026
4294967294,1038
4294967278,391
4294967279,322
4294967279,185
4294967279,183
514,5
4294967279,182
514,4
514,3
514,2
514,1
4294967278,179
4294967279,178
4294967279,329
4294967279,177
4294967278,176
4294967279,173
4294967279,358
4294967279,357
4294967278,173
512,6
4294967278,170
4294967279,172
4294967279,171
512,5
4294967278,169
4294967279,169
512,4
4294967279,168
512,3
512,2
512,1
511,5
4294967279,163
4294967278,162
511,4
511,3
511,2
511,1
4294967294,466
4294967294,384
510,5
510,4
510,3
510,2
510,1
4294967278,374
509,5
509,4
4294967279,144
509,3
509,2
509,1
4294967278,413
507,4
507,3
507,2
507,1
4294967278,300
4294967278,419
4294967279,356
4294967278,420
4294967279,300
4294967278,373
4294967278,372
4294967278,355
4294967279,549
506,5
506,4
506,3
506,2
506,1
4294967279,539
4294967279,237
504,5
504,4
504,3
504,2
504,1
4294967279,224
502,6
502,5
502,4
502,3
502,2
502,1
501,5
501,4
501,3
501,2
501,1
500,5
500,4
500,3
500,2
500,1
4294967279,526
4294967278,415
4294967278,371
499,5
499,4
499,3
499,2
499,1
4294967294,453
4294967294,450
497,4
497,3
497,2
497,1
4294967279,553
4294967278,41
4294967278,40
4294967278,39
4294967278,38
4294967278,37
4294967278,36
4294967278,35
4294967278,34
4294967278,33
4294967278,32
4294967278,31
4294967278,30
4294967278,29
4294967278,28
4294967278,27
4294967278,26
4294967278,25
4294967278,24
4294967278,23
4294967278,22
4294967278,21
4294967278,20
4294967278,19
4294967278,18
4294967278,17
4294967278,16
4294967278,15
4294967278,13
4294967278,12
4294967278,11
4294967278,10
4294967278,8
4294967278,7
4294967278,6
4294967278,5
4294967278,4
4294967279,132
4294967279,131
4294967279,130
4294967278,403
4294967279,308
4294967279,294
496,5
496,4
496,3
496,2
496,1
494,5
494,4
494,3
494,2
494,1
492,6
4294967278,14
492,5
492,4
492,3
492,2
492,1
4294967279,257
4294967278,9
491,5
4294967279,256
4294967278,262
491,4
491,3
491,2
491,1
4294967294,458
4294967294,411
4294967294,160
4294967294,118
4294967278,380
4294967278,354
490,5
490,4
490,3
490,2
490,1
4294967279,543
489,5
489,4
489,3
489,2
489,1
487,4
487,3
487,2
487,1
4294967278,385
4294967278,367
4294967278,324
486,5
486,4
486,3
486,2
486,1
484,5
484,4
484,3
484,2
484,1
4294967294,409
482,6
4294967294,162
4294967278,168
482,5
4294967279,167
482,4
482,3
482,2
482,1
4294967279,304
4294967278,164
481,5
481,4
481,3
481,2
481,1
4294967294,475
480,5
480,4
480,3
480,2
480,1
479,5
479,4
479,3
479,2
479,1
477,4
477,3
477,2
477,1
4294967279,302
4294967278,320
4294967294,412
4294967294,404
4294967294,393
476,5
476,4
476,3
476,2
476,1
4294967278,360
474,5
4294967279,229
474,4
474,3
474,2
474,1
4294967278,224
4294967279,223
4294967278,222
4294967279,221
4294967278,220
4294967279,219
4294967278,218
4294967279,558
4294967278,216
4294967279,355
4294967278,214
472,6
472,5
4294967278,210
472,4
472,3
472,2
472,1
4294967278,347
471,5
4294967294,1041
471,4
471,3
471,2
471,1
4294967278,194
470,5
4294967279,194
470,4
470,3
470,2
470,1
4294967278,336
4294967278,322
469,5
469,4
469,3
469,2
469,1
468,5
468,4
468,3
468,2
468,1
467,4
467,3
467,2
467,1
4294967279,297
4294967279,295
4294967294,414
4294967278,411
4294967278,338
4294967278,159
4294967278,369
4294967278,155
4294967294,387
4294967278,154
466,5
466,4
466,3
466,2
466,1
4294967279,563
464,5
464,4
464,3
464,2
464,1
4294967279,282
462,6
4294967278,269
462,5
4294967279,263
462,4
4294967279,262
462,3
462,2
462,1
4294967279,290
461,5
461,4
461,3
461,2
